1 1
2 2
3 4
4 8
5 16
6 31
7 60
8 116
9 227
10 441
11 859
12 1674
13 3260
14 6349
15 12367
16 24088
17 46916
18 91380
19 177984
20 346666
21 675214
22 1315136
23 2561536
24 4989191
25 9717617
26 18927334
27 36865412
28 71804019
29 139855131
30 272400600
31 530563922
32 1033397411
33 2012783315
34 3920366580
35 7635831442
36 14872568831
37 28967808590
38 56421586886
39 109894245429
40 214044762737
41 416902270693
42 812014744422
43 1581588759549
44 3080514265923
45 6000022499693
46 11686448069747
47 22762092724463
48 44334502845080
49 86351820384599
50 168190380070122
51 327590128640500
52 638058445066582
53 1242768153638596
54 2420581837980561
55 4714649644993433
56 9182883605200051
57 17885814992891026
58 34836810713659947
59 67852842108773716
60 132159290357566703
61 257411148671061652
62 501368456813612867
63 976532410446924923
64 1902025418020652442
65 3704639653630074470
66 7215652763216299614
67 14054172515346621401
